.1 10 0
.2 10 1.
.30000000000000004 9.5 1.9
.4 8.55 2.66
.5 7.220000000000001 3.249
.6000000000000001 5.5955 3.6461
.7000000000000001 3.77245 3.84104
.8 1.8519299999999999 3.834181
.9 -.0651605000000004 3.6359559
1. -1.8831384500000004 3.2658442599999997
1.1 -3.5160605800000004 2.750945989
1.2000000000000002 -4.8915335745 2.1242453320999997
1.3 -5.95365624055 1.4226674414399998
1.4000000000000001 -6.66498996127 .6850350732409998
1.5 -7.0075074978905 -4.9967430210100305e-2
1.6 -6.982523782785449 -.7457214369781403
1.7000000000000002 -6.609663064296379 -1.3694016715588713
1.8 -5.924962228516943 -1.893427810832622
1.9000000000000001 -4.978248323100632 -2.296581252601054
2. -3.829957696800105 -2.5647479596510117
2.1 -2.547583716974599 -2.691268933365921
2.2 -1.2019492502916387 -2.676900411726789
2.3000000000000003 .136500955571756 -2.529405295583274
2.4000000000000004 1.401203603363393 -2.262814670467771
2.5 2.5326109385972786 -1.8964128430846547
2.6 3.480817360139606 -1.4535104649164614
2.7 4.2075725925978364 -.9600776824108546
2.8000000000000003 4.687611433803264 -.4433126549099854
2.9000000000000004 4.909267761258256 .06977975396133962
3. 4.874377884277586 .5537285546910313
3.1 4.59751360693207 .9857934876496868
3.2 4.104616863107227 1.3469654995779252
3.3000000000000003 3.4311341133182642 1.6227306359308553
3.4000000000000004 2.6197687953528366 1.8035709836695961
3.5 1.7179833035180385 1.8851907648379203
3.6 .7753879210990783 1.868470018705932
3.7 -.15884708825388782 1.7591618089452465
3.8000000000000003 -1.0384279927265112 1.567360919225333
3.9000000000000004 -1.8221084523391777 1.3067820280301485
4. -2.475499466354252 .9938929799932159
4.1000000000000005 -2.9724459563508603 .6469537353584691
4.2 -3.295922824030095 .28501376618753615
4.3 -3.4384297071238628 -.073079892834227
4.4 -3.4018897607067493 -.4096148742631906
4.5 -3.197082323575154 -.7088423629075464
4.6000000000000005 -2.842661142121381 -.9576663589743072
4.7 -2.363827962634227 -1.1461658372890144
4.800000000000001 -1.7907450439897197 -1.2679320498235358
4.9 -1.1567790190779519 -1.3202133492401542
5. -.4966723444578748 -1.303869916223934
5.1000000000000005 .15526261365409222 -1.2231501590473282
5.2 .7668376931777564 -1.085308881777186
5.300000000000001 1.3094921340663495 -.9000942242816918
5.4 1.7595392462071955 -.6791355884468877
5.5 2.0991070404306393 -.4352681049814794
5.6000000000000005 2.316741092921379 -.1818305904402675
5.7 2.407656388141513 .06802657789589717
5.800000000000001 2.3736430991935644 .30198955892045876
5.9 2.222648319733335 .5091549129477694
6. 1.9680708632594501 .6805042536263259
6.1000000000000005 1.627818736446287 .8092609145896383
6.2 1.2231882791514679 .8911166967753033
6.300000000000001 .7776299307638161 .9243238550129197
6.4 .31546800325735624 .9096544625880093
6.5 -.1393592280366484 .850235816654944
6.6000000000000005 -.5644771363641204 .7512763121857847
6.7 -.9401152924570129 .6197009673307942
6.800000000000001 -1.2499657761224099 .4637193413520134
6.9 -1.4818254467984167 .29235082960457104
7. -1.6280008616007022 .11493320196427226
7.1000000000000005 -1.6854674625828383 -5.9360204392225224e-2
7.2 -1.6557873603867257 -.22197093021128655
7.300000000000001 -1.5448018952810825 -.36535257322883047
7.4 -1.362125608666667 -.4832975054340557
7.5 -1.1204768559496392 -.5711803157573169
7.6000000000000005 -.8348866980709808 -.6261099697765491
7.7 -.5218317131827062 -.6469876426059923
7.800000000000001 -.19833789187971002 -.6344720496636637
7.9 .11889813295212182 -.5908586338852683
8. .41432744989475595 -.5198829572015292
8.1 .6742689284955206 -.4264619164919007
8.200000000000001 .887499886741471 -.31638883199315854
8.3 1.0456943027380503 -.1959999601196956
8.4 1.1436942827978982 -.07183053383392099
8.5 1.1796095497148587 4.9721947829260926e-2
8.6 1.1547485758002283 .1627107080178207
8.700000000000001 1.073393221791318 .26191449479606144
8.8 .9424359743932873 .3430623674955871
8.9 .7709047906454938 .4029997281853571
9. .5694049265528152 .4397902344313708
9.1 .3495098093371298 .4527517036435152
9.200000000000001 .12313395751537215 .4424275142128766
9.3 -.09807979959106616 .41049815854312616
9.4 -.30332887886262927 .3596403627297069
9.5 -.4831490602274827 .2933434385704733
9.600000000000001 -.6298207795127194 .2156941886906777
9.700000000000001 -.7376678738580583 .13114269187033797
9.8 -.8032392197932273 .04426163529749834
9.9 -.8253700374419765 -.04048845021157424
10. -.8051258123361893 -.11897660893461447
10.100000000000001 -.745637507868882 -.18759152927477196
10.200000000000001 -.651841743231496 -.24339612713418296
10.3 -.5301436796644046 -.2842406887439143
10.4 -.38802333529244737 -.3088309878359633
10.5 -.23360784137446572 -.31675022258161173
10.600000000000001 -.07523273008365985 -.30843598446089715
10.700000000000001 .07898526214678872 -.28511565902317343
10.8 .22154309165837544 -.2487055669061772
10.9 .345895875111464 -.20168070104972194
11. .446736225636325 -.14692304343360335
11.100000000000001 .5201977473531266 -.08755711652661052
11.200000000000001 .5639763056164319 -2.6781630138636797e-2
11.3 .5773671206857502 .03229416343687007
11.4 .5612200389673152 .08680145916175809
11.5 .5178193093864362 .1342433171423138
11.600000000000001 .45069765081527924 .17260091636672603
11.700000000000001 .3643971926319162 .20041058981158136
11.8 .2641918977261255 .21680925009361485
11.9 .15578727267931808 .2215475148568659
12. .04501351525088511 .21497149063911114
12.100000000000001 -.06247223006867046 .19797569310028854
12.200000000000001 -.16146007661881473 .17193090078339263
12.3 -.24742552701051107 .1385918030431719
12.4 -.316721428532097 .0999900700378036
12.5 -.3667164635509988 5.8318920180813534e-2
12.600000000000001 -.39587592364140556 1.5815381807632298e-2
12.700000000000001 -.4037836145452217 -.02535374873727149
12.8 -.391106740176586 -.06319673531806652
12.9 -.35950837251755274 -.09598773580391848
13. -.3115145046155935 -.1223397994752819
13.100000000000001 -.2503446048779525 -.14125726998931307
13.200000000000001 -.17971596988329597 -.15216600347817702
13.3 -.10363296814420746 -.15492100011868892
13.4 -2.6172468084862996e-2 -.14979219692124077
13.5 .04872363037575739 -.137430224037603
13.600000000000001 .11743874239455888 -.11881483859626696
13.700000000000001 .17684616169269235 -.09518948049718437
13.8 .22444090194128452 -.0679859162781967
13.9 .2584338600803829 -.03874323445624857
14. .2778054773085072 -9.025525002585424e-3
14.100000000000001 .2823182398097999 1.9657575228523835e-2
14.200000000000001 .272489452195538 4.5923641686651445e-2
14.3 .2495276313522123 .06858022273754011
14.4 .21523751998344223 .08667496359900732
14.5 .17190003818393856 .09953121923745081
14.600000000000001 .12213442856521316 .10676810113209959
14.700000000000001 .06875037799916336 .10830473387541094
14.8 1.4598011061457895e-2 .10434929828778618
14.9 -.0375766380824352 .09537416956515335
15. -.08526372286501188 .0820790888003945
15.100000000000001 -.12630326726520913 .06534480763385386
15.200000000000001 -.15897567108213606 .04618000014394756
15.3 -.18206567115410985 2.5664433021339195e-2
15.4 -.19489788766477945 4.891422603794288e-3
15.5 -.19734359896667658 -1.5087508423063088e-2
15.600000000000001 -.18979984475514503 -3.3313117477424437e-2
15.700000000000001 -.1731432860164328 -.0489617902051965
15.8 -.14866239091383454 -.06137993978632013
15.9 -.11797242102067448 -.07010818489907157
16. -.0829183285711387 -.07489460851123186
16.1 -.04547102431552277 -.07569698051722255
16.2 -.00762253405691149 -.07267438489705258
16.3 .0287146583916148 -.06616919981303847
16.400000000000002 6.1799258298134034e-2 -.05668081399257314
16.5 .0901396652944206 -.04483280676350242
16.6 .11255606867617182 -.03133555955771011
16.7 .12822384845502688 -1.6946396734321918e-2
16.8 .13669704682218783 -2.429372215387039e-3
16.900000000000002 .13791173292988135 1.1483269688370448e-2
17. .13217009808569613 2.4126116012521542e-2
17.1 .12010704007943536 3.4930514219839004e-2
17.2 .10264178296951586 .04344816680579864
17.3 .08091769956661654 .04936752842217036
17.400000000000002 .05623393535553136 .05252254553661498
17.5 .02997266258722387 5.2893684518506616e-2
17.6 3.525820327970563e-3 .05060158232537834
17.7 -.02177497083471861 4.5894006125637564e-2
17.8 -.0447219738975374 3.9127108429601945e-2
17.900000000000002 -.06428552811233837 .03074220019688801
18. -.07965662821078237 2.1239427365965374e-2
18.1 -.09027634189376506 1.1149821808290598e-2
18.2 -.09585125279791036 1.0072054380850324e-3
18.3 -.09635485551695287 -8.678640385514509e-3
18.400000000000002 -.09201553532419562 -1.7446261898658347e-2
18.5 -.08329240437486646 -2.4903189241212074e-2
18.6 -.07084080975426042 -3.0742110754577515e-2
18.7 -5.5469754376971665e-2 -.03475198065454581
18.8 -.03809376404969876 -3.6823758026788396e-2
18.900000000000002 -1.9681885036304563e-2 -3.6950758629079435e-2
19. -1.2065057217648459e-3 -.03522387126980195
19.1 .01640542991313613 -3.1822134714998236e-2
19.200000000000003 .03231649727063525 -.0269993782521848
19.3 4.5816186396727646e-2 -.02106779069990279
19.400000000000002 .05635008174667904 -1.4379392990239747e-2
19.5 .06353977824179892 -7.306445516547868e-3
19.6 .06719300100007285 -2.2182314071318883e-4
19.700000000000003 .06730391257042945 6.519659273365415e-3
19.8 .06404408293374673 1.2598084603071817e-2
19.900000000000002 .05774504063221082 .01774268443613931
20. 4.8873698414141166e-2 2.1742920055746462e-2
20.1 3.8002238386267935e-2 2.4455997891585934e-2
20.200000000000003 2.5774239440474966e-2 2.5810621941054133e-2
20.3 1.2868928469947898e-2 2.5806983690996217e-2
20.400000000000002 -3.456337555021033e-5 2.4513178168891384e-2
20.5 -1.2291152459995902e-2 2.2058404014447225e-2
20.6 -2.3320354467219515e-2 .01862344836700291
20.700000000000003 -.03263207865072097 1.4429068083580668e-2
20.8 -.03984661269251131 9.722953410150503e-3
20.900000000000002 -.04470808939758656 4.765996799884322e-3
21. -.04709108779752872 -1.8141181986276646e-4
21.1 -.04700038188759734 -4.872379417629362e-3
21.200000000000003 -.04456419217878266 -9.085179664626158e-3
21.3 -.04002160234646958 -1.2633080916041808e-2
21.400000000000002 -.03370506188844867 -1.5371933059084585e-2
21.5 -2.6019095358906376e-2 -1.7205245942020993e-2
21.6 -1.7416472387895877e-2 -1.8086630883709532e-2
21.700000000000003 -8.373156946041111e-3 -.01801961503412817
21.8 6.366505710229727e-4 -1.7054969225319464e-2
21.900000000000002 9.164135183682705e-3 -.01528580724568522
22. 1.6807038806525315e-2 -1.2840813002748428e-2
22.1 2.3227445307899528e-2 -9.876027821821053e-3
22.200000000000003 2.8165459218810054e-2 -6.565680508848995e-3
22.3 .03144829947323455 -3.0925665360830895e-3
22.400000000000002 .03299458274127609 3.6152006484867476e-4
22.5 3.2813822708851755e-2 3.6248263324914166e-3
22.6 3.1001409542606048e-2 6.543725970127451e-3
22.700000000000003 2.7729546557542322e-2 8.989494327375312e-3
22.8 2.3234799393854665e-2 1.0863499550392012e-2
22.900000000000002 .01780304961865866 1.2100629534738278e-2
23. 1.1752734851289522e-2 1.2670871543130315e-2
23.1 5.417299079724364e-3 1.2579057873946236e-2
23.200000000000003 -8.72229857248755e-4 1.1862881994524049e-2
23.3 -.00680367085451078 1.0589370809346767e-2
23.400000000000002 -1.2098356259184165e-2 8.850066642961013e-3
23.5 -1.6523389580664672e-2 6.755224352746494e-3
23.6 -.01990100175703792 4.427362959405377e-3
23.700000000000003 -.02211468323674061 1.9945264877610468e-3
23.8 -2.3111946480621134e-2 -4.163944846891192e-4
23.900000000000002 -2.2903749238276573e-2 -2.685949684282321e-3
24. -2.1560774396135414e-2 -4.707729639681746e-3
24.1 -.01920690957629454 -6.393034115327113e-3
24.200000000000003 -1.6010392518630984e-2 -7.674421661423856e-3
24.3 -1.2173181687919057e-2 -8.508018747144568e-3
24.400000000000002 -7.919172314346773e-3 -8.874535041222016e-3
24.5 -3.4819047937357647e-3 -8.778998768534493e-3
24.6 9.075945905314825e-4 -.00824928937105462
24.700000000000003 5.032239276058792e-3 -7.3336009748960086e-3
24.8 8.699039763506796e-3 -6.097016949800528e-3
24.900000000000002 1.1747548238407061e-2 -4.617411278469796e-3
25. .01405625387764196 -.00298091532678211
25.1 1.5546711541033015e-2 -1.2771984063397028e-3
25.200000000000003 1.6185310744202867e-2 4.051925883975689e-4
25.3 1.5982714450004085e-2 1.983204403978099e-3
25.400000000000002 1.4991112248015035e-2 3.3831554085806976e-3
25.5 1.3299534543724685e-2 4.543951092524132e-3
25.6 .01102755899746262 5.419509437644187e-3
25.700000000000003 8.317804278640525e-3 .00598031439362603
25.8 5.3276470818275105e-3 6.2140633821274795e-3
25.900000000000002 2.2206153907637703e-3 6.125421752097482e-3
26. -8.420954852849708e-4 5.734941115964111e-3
26.1 -3.7095660432670263e-3 5.077237455839203e-3
26.200000000000003 -6.248184771186629e-3 4.1985571059285805e-3
26.3 -8.347463324150919e-3 3.1538829182170595e-3
26.400000000000002 -9.924404783259448e-3 2.0037482939802616e-3
26.5 -.01092627893024958 8.109329862562905e-4
26.6 -1.1331745423377726e-2 -3.627882053942966e-4
26.700000000000003 -1.1150351320680577e-2 -1.4596839271926395e-3
26.8 -1.0420509357084258e-2 -2.4287506665414335e-3
26.900000000000002 -9.206134023813541e-3 -3.227926535595716e-3
27. -7.592170756015683e-3 -3.8257472844174987e-3
27.1 -5.679297113806933e-3 -4.202389631577317e-3
27.200000000000003 -3.5781022980182742e-3 -4.350080379800279e-3
27.3 -1.4030621081181343e-3 -4.272882571622078e-3
27.400000000000002 7.333791776929048e-4 -3.9859005252716835e-3
27.5 2.7263294403287465e-3 -3.5139725549752244e-3
27.6 4.483315717816358e-3 -2.889942355444827e-3
27.700000000000003 5.928286895538772e-3 -2.1526165481187084e-3
27.8 7.004595169598126e-3 -1.3445262037529602e-3
27.900000000000002 7.676858271474607e-3 -5.096140664178515e-4
28. 7.931665304683533e-3 3.090331673713943e-4
28.1 7.7771487209978354e-3 1.071296381102608e-3
28.200000000000003 7.241500530446532e-3 1.7418816150921307e-3
28.3 6.3705597229004665e-3 2.2918435066275706e-3
28.400000000000002 5.224637969586681e-3 2.6997151282548604e-3
28.5 3.874780405459251e-3 2.952207412388042e-3
28.6 2.3986766992652297e-3 3.044464711695163e-3
28.700000000000003 8.764443434176481e-4 2.9798859104521696e-3
28.8 -6.134986118084369e-4 2.7695417537487175e-3
28.900000000000002 -1.9982694886827956e-3 2.431237717193002e-3
29. -3.2138883472792967e-3 1.9882869966054225e-3
29.1 -4.208031845582008e-3 1.4680694622169505e-3
29.200000000000003 -4.942066576690484e-3 9.004593314370546e-4
29.3 -5.392296242409011e-3 3.162067406243008e-4
29.400000000000002 -5.550399612721161e-3 -2.546435576790304e-4
29.5 -5.423077833881646e-3 -7.842191631832435e-4
29.6 -5.030968252290024e-3 -1.2481050302530837e-3
29.700000000000003 -4.406915737163482e-3 -1.6263913524567778e-3
29.8 -3.5937200609350932e-3 -1.9044437909274481e-3
29.900000000000002 -2.641498165471369e-3 -2.0733714179282125e-3
30. -1.604812456507263e-3 -2.130184092682528e-3
30.1 -5.397204101659989e-4 -2.0776469290650014e-3
30.200000000000003 4.991030543665018e-4 -1.923854277175101e-3
30.3 1.4610301929540524e-3 -1.6815585440209408e-3
30.400000000000002 2.3018094649645228e-3 -1.3672996703234415e-3
30.5 2.9854593001262435e-3 -1.000388756794645e-3
30.6 3.485653678523566e-3 -6.018039511025562e-4
30.700000000000003 3.7865556540748442e-3 -1.9305818813994402e-4
30.8 3.8830847481448163e-3 2.0490319608153484e-4
30.900000000000002 3.780633150104049e-3 5.727213512878629e-4
31. 3.4942724744601176e-3 8.935125311694816e-4
31.1 3.0475162088753767e-3 1.1535885254985452e-3
31.200000000000003 2.470721946126104e-3 1.3429812938362284e-3
31.3 1.7992312992079899e-3 1.455755359065216e-3
31.400000000000002 1.071353619675382e-3 1.4901029530794932e-3
31.5 3.263021431356353e-4 1.448228019739082e-3
31.6 -3.9781186673390576e-4 1.3360354320787373e-3
31.700000000000003 -1.0658295827732744e-3 1.162650702197473e-3
31.8 -1.647154933872011e-3 9.398026737003983e-4
31.900000000000002 -2.1170562707222102e-3 6.811069129431574e-4
32. -2.457609727193789e-3 4.012905945766206e-4
32.1 -2.6582550244820995e-3 1.1540056239957964e-4
32.2 -2.7159553056818895e-3 -1.6196499628858826e-4
32.300000000000004 -2.634972807537595e-3 -4.173640272279184e-4
32.4 -2.426290793923636e-3 -6.391249052588861e-4
32.5 -2.106728341294193e-3 -8.178414941253611e-4
32.6 -1.6978075942315125e-3 -9.467301788422443e-4
32.7 -1.2244425048103904e-3 -1.021837920381171e-3
32.800000000000004 -7.135235446198049e-4 -1.042098378824093e-3
32.9 -1.9247435520775838e-4 -1.0092408954036642e-3
33. 3.121460924940737e-4 -9.275642413840736e-4
33.1 7.759282131861106e-4 -8.035932079962589e-4
33.2 1.1777248171842402e-3 -6.45641065878022e-4
33.300000000000004 1.5005453501232512e-3 -4.6330447757179574e-4
33.4 1.732197588909149e-3 -2.6691949480229106e-4
33.5 1.8656573363102947e-3 -6.700778643114704e-5
33.6 1.8991612295258683e-3 1.2625872584299714e-4
33.7 1.8360318666043698e-3 3.035489762112843e-4
33.800000000000004 1.6842573784987276e-3 4.5679726525059286e-4
33.9 1.4558587458734311e-3 5.795432765754063e-4
34. 1.166087107585728e-3 6.671748235052088e-4
34.1 8.324996958331235e-4 7.170660519132607e-4
34.2 4.739666698764932e-4 7.28609416305247e-4
34.300000000000004 1.0966196172386964e-4 7.031451416623716e-4
34.4 -2.4191060910731615e-4 6.437968236685214e-4
34.5 -5.638090209415768e-4 5.552260803909376e-4
34.6 -8.414220611370456e-4 4.433225702576862e-4
34.7 -1.0630833462658886e-3 3.14848107118213e-4
34.800000000000004 -1.2205073998249952e-3 1.7705496177980283e-4
34.9 -1.3090348807148966e-3 3.729872561932302e-5
35. -1.3276842435245581e-3 -9.733463501409895e-5
35.1 -1.2790169260175088e-3 -2.2036959586514487e-4
35.2 -1.1688321280849364e-3 -3.2623432888038127e-4
35.300000000000004 -1.0057149636447458e-3 -4.104941088008368e-4
35.4 -8.004679092443274e-4 -4.700161942852277e-4
35.5 -5.654598121017136e-4 -5.030613657811377e-4
35.6 -3.139291292111448e-4 -5.093012104131952e-4
35.7 -5.9278524004547175e-5 -4.897640022929902e-4
35.800000000000004 1.8560347714194792e-4 -4.467154544641459e-4
35.9 4.0896120437402086e-4 -3.834835613035365e-4
36. 6.007029850257891e-4 -3.042390847357807e-4
36.1 7.528225273936794e-4 -2.1374487775962375e-4
36.2 8.596949662734913e-4 -1.1708813724429343e-4
36.300000000000004 9.18239034895638e-4 -1.9409826892514953e-5
36.4 9.279439483418954e-4 7.435505928630034e-5
36.5 8.907664186987452e-4 1.5971394819185985e-4
36.6 8.109094446028153e-4 2.3281919524254841e-4
36.7 6.944998469815411e-4 2.906282201785751e-4
36.800000000000004 5.491857368922536e-4 3.310153828588717e-4
36.9 3.836780454628177e-4 3.528324182622099e-4
37. 2.072618363317127e-4 3.559169809822707e-4
37.1 2.9303345840577368e-5 3.4105146651721487e-4
37.2 -1.4122238741803007e-4 3.0987665444955114e-4
37.300000000000004 -2.961607146428056e-4 2.64766750262793e-4
37.4 -4.285440897742021e-4 2.0867400377223315e-4
37.5 -5.328810916603187e-4 1.4495219441758962e-4
37.6 -6.053571888691134e-4 7.716886580979878e-5
37.7 -6.439416217740128e-4 8.916260341907545e-6
37.800000000000004 -6.483997519449666e-4 -5.636952786968449e-5
37.9 -6.202149880101244e-4 -1.155725502772127e-4
38. -5.62428712871518e-4 -1.6603679405050386e-4
38.1 -4.7941031584626607e-4 -2.0567598593260528e-4
38.2 -3.765723228799634e-4 -2.3304941892397137e-4
38.300000000000004 -2.600476134179777e-4 -2.474017093195706e-4
38.400000000000006 -1.3634675875819242e-4 -2.486662997294113e-4
38.5 -1.2013608893486773e-5 -2.374343456322894e-4
38.6 1.0670356392265793e-4 -2.1489227195840914e-4
38.7 2.141496999018625e-4 -1.8273268837030242e-4
38.800000000000004 3.055160440870137e-4 -1.430444495430859e-4
38.900000000000006 3.770382688585566e-4 -9.818840018007596e-5
39. 4.261324689485946e-4 -5.0665733276212696e-5
39.1 4.5146533558670097e-4 -2.9859130537319655e-6
39.2 4.5295829211356695e-4 4.245921181031133e-5
39.300000000000004 4.3172868620841126e-4 8.35091198406369e-5
39.400000000000006 3.899741262880928e-4 1.1833107647741434e-4
39.5 3.308085880493856e-4 1.454953814584822e-4
39.6 2.5806089732014446e-4 1.6402670211757253e-4
39.7 1.760475462613582e-4 1.7343012163782972e-4
39.800000000000004 8.933248544244334e-5 1.7369186410018256e-4
39.900000000000006 2.4865533923520468e-6 1.6525592623440865e-4
40. -8.014140972485228e-5 1.4897898895020297e-4
40.1 -1.546309041999538e-4 1.2606694908269745e-4
40.2 -2.1766437874130252e-4 9.799716375443233e-5
40.300000000000004 -2.666629606185187e-4 6.643100950485884e-5
40.400000000000006 -2.998784653709481e-4 3.312161249252109e-5
40.5 -3.1643927161720866e-4 -1.7839529382583386e-7
40.6 -3.1635007397029573e-4 -3.180448292616412e-5
40.7 -3.004478325072137e-4 -6.025904203057728e-5
40.800000000000004 -2.7031831149192505e-4 -8.427792107824092e-5
40.900000000000006 -2.281793509528046e-4 -1.0288196011960934e-4
41. -1.7673837089299992e-4 -1.1541169920292887e-4
41.1 -1.1903252129153547e-4 -1.2154436637193598e-4
41.2 -5.8260338105567484e-5 -1.2129318186389592e-4
41.300000000000004 2.386252826380478e-6 -1.1498989748806308e-4
41.400000000000006 5.988120157041202e-5 -1.0325228245661873e-4
41.5 1.1150734279872139e-4 -8.693893405391565e-5
41.6 1.549768098256792e-4 -6.709430636865194e-5
41.7 1.8852396301000517e-4 -4.488719474921883e-5
41.800000000000004 2.1096756038461458e-4 -2.1546078973296432e-5
41.900000000000006 2.217405998712628e-4 1.7052849624946697e-6
42. 2.2088795739001545e-4 2.3708816453371484e-5
42.1 2.090335491633297e-4 4.3426730547035884e-5
42.2 1.8732018388981176e-4 5.998741240866527e-5
42.300000000000004 1.5732647768547912e-4 7.272068955677992e-5
42.400000000000006 1.2096613290708916e-4 8.118126836964983e-5
42.5 8.037549872226424e-5 8.515975482339377e-5
42.6 3.7795621310567346e-5 8.468132921328082e-5
42.7 -4.545043296073071e-6 7.999275842300947e-5
42.800000000000004 -4.454142250757781e-5 7.153897825110121e-5
42.900000000000006 -8.031091163312841e-5 5.9930938175233305e-5
43. -1.1027638072074506e-4 4.5906753194397135e-5
43.1 -1.3322975731794363e-4 3.0288439802882916e-5
43.2 -1.483739772193851e-4 1.3936620090800261e-5
43.300000000000004 -1.5534228726478522e-4 -2.2944396402182755e-6
43.400000000000006 -1.5419506744467607e-4 -1.7599224402674972e-5
43.5 -1.453954552433386e-4 -3.1258808706875085e-5
43.6 -1.2976605088990103e-4 -4.2672473360521435e-5
43.7 -1.0842981420964032e-4 -5.1381831113459394e-5
43.800000000000004 -8.273889865291061e-5 -5.708662942307749e-5
43.900000000000006 -5.4195583941371865e-5 -5.96518563460608e-5
44. -2.4369655768341464e-5 -5.9106229105591906e-5
44.1 5.183458784454489e-6 -5.5632571771866865e-5
44.2 3.299974467038792e-5 -4.955096871623473e-5
44.300000000000004 5.777522902850529e-5 -4.129589737757246e-5
44.400000000000006 7.842317771729152e-5 -3.1388784736964685e-5
44.5 9.411757008577386e-5 -2.0407588491539065e-5
44.6 1.0432136433154339e-4 -8.955072633807773e-6
44.7 1.0879890064844727e-4 2.3725710627273423e-6
44.800000000000004 1.076126151170836e-4 1.3015204021299336e-5
44.900000000000006 1.0110501310643392e-4 2.2474945130877765e-5
45. 8.986754054099503e-5 3.0337951928433382e-5
45.1 7.469856457677834e-5 3.629091078968955e-5
45.2 5.655310918193355e-5 4.013167616839843e-5
45.300000000000004 3.648727109773434e-5 4.1773819469751945e-5
45.400000000000006 1.5600361362858365e-5 4.124516463255018e-5
45.5 -5.02222095341673e-6 3.8680684305581e-5
45.6 -2.4362563106207233e-5 3.431039377968123e-5
45.7 -4.1517759996047854e-5 2.8443098091092383e-5
45.800000000000004 -5.573930904159405e-5 2.144701228237836e-5
45.900000000000006 -6.646281518278323e-5 1.372838014998112e-5
46. -7.332700525777379e-5 5.709260616704684e-6
46.1 -7.618163556612613e-5 -2.1943659707431644e-6
46.2 -7.508445258075454e-5 -9.59309293028146e-6
46.300000000000004 -7.028790611561382e-5 -1.614222889532877e-5
46.400000000000006 -6.221679166794943e-5 -2.1556796617357276e-5
46.5 -5.143839335927079e-5 -2.5622796122416492e-5
46.6 -3.862699529806255e-5 -2.8204355846101923e-5
46.7 -2.4524817375011585e-5 -2.9246619791297987e-5
46.800000000000004 -9.901507479362592e-6 -2.8774439549669346e-5
46.900000000000006 4.485712295472083e-6 -2.6887146342638672e-5
47. 1.792928546679142e-5 -2.3749860478827595e-5
47.1 2.980421570620522e-5 -1.9581945884265693e-5
47.2 3.959518864833806e-5 -1.4643329725218602e-5
47.300000000000004 4.6916853510947366e-5 -9.219477887862935e-6
47.400000000000006 5.152659245487884e-5 -3.6058447479819044e-6
47.5 5.332951482886979e-5 1.90739897230417e-6
47.6 5.2375815342717705e-5 7.049610557960733e-6
47.7 4.8851010063737336e-5 1.158223103643643e-5
47.800000000000004 4.305989454551912e-5 1.530910893916652e-5
47.900000000000006 3.540534007593586e-5 1.8084187499801782e-5
48. 2.6363246326034966e-5 1.981630275741519e-5
48.1 1.645509494732737e-5 2.0470997114277165e-5
48.2 6.219596390188786e-6 2.0069406897582184e-5
48.300000000000004 -3.815107058602306e-6 1.8684425846842845e-5
48.400000000000006 -1.3157319982023728e-5 1.643447255629833e-5
48.5 -2.1374556260172895e-5 1.3475293302466125e-5
48.6 -2.8112202911405958e-5 9.990308346202223e-6
48.7 -3.310735708450707e-5 6.180057220441405e-6
48.800000000000004 -3.6197385694727776e-5 2.251315789946557e-6
48.900000000000006 -3.732304358970106e-5 -1.5935543585208762e-6
49. -3.652626641044062e-5 -5.166503281638894e-6
49.1 -3.394301476962117e-5 -8.302479594519066e-6
49.2 -2.979177497236164e-5 -1.0866533112029278e-5
49.300000000000004 -2.4358508416347e-5 -1.2759057298062514e-5
49.400000000000006 -1.7978979767315744e-5 -1.3919002409890962e-5
49.5 -1.1019478562370263e-5 -1.432500014563344e-5
49.6 -3.856978489553543e-6 -1.3994447987307122e-5
49.7 3.1402455041000184e-6 -1.2980701037531764e-5
49.800000000000004 9.6305960228659e-6 -1.1368606383368585e-5
49.900000000000006 1.531489921455019e-5 -9.268686142745136e-6
50. 1.994924228592276e-5 -6.810327607015603e-6
50.1 2.3354406089430563e-5 -4.134370617721766e-6
50.2 2.5421591398291446e-5 -1.3854929470065332e-6
50.300000000000004 2.611433787179471e-5 1.2952154875232646e-6
50.400000000000006 2.546673012803308e-5 3.7771277259504094e-6
50.5 2.3578166265057874e-5 5.946087966158677e-6
50.6 2.0605122281978536e-5 7.709295796048596e-6
50.7 1.675047438395424e-5 8.99887844464159e-6
50.800000000000004 1.2251035161633443e-5 9.774038038572854e-6
50.900000000000006 7.364016142347016e-6 1.0021737750878913e-5
51. 2.35314726690756e-6 9.755965590025723e-6
51.1 -2.5248355281053015e-6 9.015683757713907e-6
51.2 -7.032677406962255e-6 7.861631829131986e-6
51.300000000000004 -1.0963493321528247e-5 6.372200905522562e-6
51.400000000000006 -1.4149593774289527e-5 4.63863148281748e-6
51.5 -1.646890951569827e-5 2.7598089571067795e-6
51.6 -1.7848813994251658e-5 8.369371098262749e-7
51.7 -1.8267282549164797e-5 -1.0316380005815184e-6
51.800000000000004 -1.7751463548874036e-5 -2.7552024554398464e-6
51.900000000000006 -1.6373862321154113e-5 -4.254828564783265e-6
52. -1.424644803876248e-5 -5.46673194042035e-6
52.1 -1.1513082068552305e-5 -6.344703550254563e-6
52.2 -8.340730293425023e-6 -6.861541402084337e-6
52.300000000000004 -4.909959592382854e-6 -7.009460291218405e-6
52.400000000000006 -1.405229446773651e-6 -6.79951022133485e-6
52.5 1.9945256638937745e-6 -6.26008214387873e-6
52.6 5.124566735833139e-6 -5.43462136310148e-6
52.7 7.84187741738388e-6 -4.378702553208017e-6
52.800000000000004 1.0031228693987888e-5 -3.1566445561488278e-6
52.900000000000006 1.1609550972062303e-5 -1.8378572311351562e-6
53. 1.2528479587629881e-5 -4.931164108154103e-7
53.1 1.2775037793037585e-5 8.09043189029119e-7
53.2 1.2370516198523025e-5 2.0056426494299657e-6
53.300000000000004 1.1367694873808041e-5 3.0421300043392715e-6
53.400000000000006 9.846629871638405e-6 3.874686491286149e-6
53.5 7.90928662599533e-6 4.471880829321375e-6
53.6 5.673346211334642e-6 4.81562140898877e-6
53.7 3.265535506840257e-6 4.901393889223357e-6
53.800000000000004 8.148385622285779e-7 4.737808050985047e-6
53.900000000000006 -1.5540654632639455e-6 4.3455111021094e-6
54. -3.7268210143186456e-6 3.7555534455720654e-6
54.1 -5.604597737104678e-6 3.0073159995829943e-6
54.2 -7.108255736896175e-6 2.146124625914227e-6
54.300000000000004 -8.181318049853288e-6 1.2206865896331867e-6
54.400000000000006 -8.79166134466988e-6 2.8048612568453917e-7
54.5 -8.93190440751215e-6 -6.267286213509029e-7
54.6 -8.618540096836698e-6 -1.4572461999670276e-6
54.7 -7.889916996853185e-6 -2.1733755896539947e-6
54.800000000000004 -6.803229202026188e-6 -2.745029730373914e-6
54.900000000000006 -5.430714336839231e-6 -3.150849677539141e-6
55. -3.85528949806966e-6 -3.37883614346915e-6
55.1 -2.1658714263350847e-6 -3.426481478929201e-6
55.2 -4.5263068687048416e-7 -3.3004204736697894e-6
55.300000000000004 1.1975795499644108e-6 -3.0156414949898587e-6
55.400000000000006 2.70540029745934e-6 -2.594319390494432e-6
55.5 4.002559992706556e-6 -2.0643474216990544e-6
55.6 5.034733703556083e-6 -1.4576566802584933e-6
55.7 5.76356204368533e-6 -8.084176418770356e-7
55.800000000000004 6.167770864623848e-6 -1.5121967332079904e-7
55.900000000000006 6.243380701284248e-6 4.806793804736658e-7
56. 6.003041011047415e-6 1.056949512554724e-6
56.1 5.474566254770053e-6 1.551558662403993e-6
56.2 4.698786923568056e-6 1.943859421640599e-6
56.300000000000004 3.7268572127477565e-6 2.2193521718333446e-6
56.400000000000006 2.617181126831084e-6 2.370102675924786e-6
56.5 1.4321297888686908e-6 2.394810521015416e-6
56.6 2.3472452836098288e-7 2.2985424478007435e-6
56.7 -9.145466955393891e-7 2.0921606558567672e-6
56.800000000000004 -1.960627023467773e-6 1.7914899207171517e-6
56.900000000000006 -2.856371983826349e-6 1.416278226298659e-6
57. -3.5645110969756786e-6 9.890132052861583e-7
57.1 -4.059017699618758e-6 5.336607750599746e-7
57.2 -4.3258480871487455e-6 7.439292759210133e-8
57.300000000000004 -4.363044550944796e-6 -3.6563117388198337e-7
57.400000000000006 -4.180228964003805e-6 -7.653725115882647e-7
57.5 -3.7975427082096724e-6 -1.1068581568298189e-6
57.6 -3.2441136297947627e-6 -1.3759266119678043e-6
57.7 -2.5561503238108605e-6 -1.5627453137505002e-6
57.800000000000004 -1.7747776669356104e-6 -1.6620858147565363e-6
57.900000000000006 -9.437347595573421e-7 -1.6733549999744437e-6
58. -1.0705725957012016e-7 -1.6003929759327336e-6
58.1 6.931392283962468e-7 -1.4510594042964722e-6
58.2 1.418668930544483e-6 -1.2366395410272003e-6
58.300000000000004 2.0369887010580833e-6 -9.71108693870032e-7
58.400000000000006 2.5225430479930995e-6 -6.702989543772204e-7
58.5 2.85769252518171e-6 -3.5101475414018835e-7
58.6 3.033199902251804e-6 -3.0144026207998546e-8
58.7 3.0482719153558034e-6 2.761903666379817e-7
58.800000000000004 2.9101767320368125e-6 5.533985215097638e-7
58.900000000000006 2.6334774712819307e-6 7.890763425624687e-7
59. 2.2389393000006964e-6 9.73516455434415e-7
59.1 1.7521810722834887e-6 1.100058739891043e-6
59.2 1.202151702337967e-6 1.1652709731302876e-6
59.300000000000004 6.195162157728232e-7 1.1689590460510556e-6
59.400000000000006 3.503669274729534e-8 1.1140147630232323e-6
59.5 -5.219706887643208e-7 1.0061169559956387e-6
59.6 -1.0250291667621404e-6 8.533081915196428e-7
59.7 -1.4516832625219617e-6 6.654744556914644e-7
59.800000000000004 -1.7844204903676938e-6 4.5375868387012184e-7
59.900000000000006 -2.011299832302755e-6 2.2994076644634028e-7
60. -2.1262702155259252e-6 5.816706571430764e-9
